label: [ 12  12  -1  -1  -1  -1  12  -1  -1  -1  12  -1   8  12  12   0  -1  12
  12 137  -1  -1   8  -1  12  -1  -1  12  12  12  12  12  12  12  -1 391
  -1  -1  12  -1  12  -1  12  12  -1  12  12  12  12  -1  -1  -1  -1  -1
  12  -1  12  33  12  12  -1  12  12  12  -1  -1  12  12  -1   8  -1  -1
   0  12  12  -1  12  -1  -1  12  12  12  -1 137  -1  12   0  -1  12  -1
  12  -1  12   8   8  12  33  12  -1  12]
predc: [[  12  985  208   33  300  590    2]
 [  12  985  208   33  300  590    2]
 [ 629   58  814  132  667  296  289]
 [ 403  652  218   40  915  764  949]
 [   0   11  834   33  638  985  160]
 [ 236  296  667  559  703  266  390]
 [  12  985   33  300  208    2  590]
 [ 403   40    8  652  425  915  218]
 [ 403 1003  218   14  672  269  764]
 [ 726   57   60   43   50  160  135]
 [  12  985   33  208  300    2  590]
 [ 403  218  132  808    8 1003   40]
 [   8  391  528  259  810  380  818]
 [  12  985  300  208   33  590  391]
 [  12   33  208  300  557  636  985]
 [   0  391   33   55  750  600  700]
 [  60  726  731  729  856   50   57]
 [  12   33  257  636  985  208  300]
 [  12  985   33  208  300    2  590]
 [ 264  929  315  246  139  964  245]
 [ 242  246   11   37   13  726  696]
 [ 403  627  218  764   14   40  488]
 [   8  557  391  259  678   87  528]
 [ 403   40  652    8  425  915  218]
 [  12   33  636  257  985  208  380]
 [ 868  865  308  862  567  738  186]
 [ 809  986  984  784  629   63  983]
 [  12   33  208    2  985  129  902]
 [  12  985   33  208    2  300  590]
 [  12  985   33  300  208  488  590]
 [  12  985  300   33  208  590    2]
 [  12   33  985  403  208   37    2]
 [  12    2  300   33  208  557  590]
 [  12   33  985  636  902  208   58]
 [  60  726   57  731   44   50   59]
 [ 391    0    2   33  818    8   55]
 [   0   33  834  985  638  236  160]
 [ 403   40  654  218  949  779  653]
 [  12  985  300  208   33  590  391]
 [ 220  179   81  722  260  181  215]
 [  12  208   33  997    2  590  391]
 [ 403  218   14  764   40    8  132]
 [  12   33  208  985    2  300  902]
 [  12  985   33  300  208    2  590]
 [ 629  434   55   11   79  507   13]
 [  12    2   33  208  391  754   58]
 [  12  985   33  208  300  590    2]
 [  12  985   33  300  208  488  587]
 [  12   33  985  300  208  636  488]
 [ 264   13  160   11  726  139  946]
 [ 403 1003  672  259   14  218  269]
 [ 773  319  880  734  638  821  304]
 [ 403  132  824  218   40  654  949]
 [ 726   11   57  160  518   43  139]
 [  12  985   33  208  300    2  590]
 [ 403  218  764   14    8   40  949]
 [  12  985  208   33  300    2  590]
 [  33   12    0  636  391  985  208]
 [  12   33  208  985    2  636  300]
 [  12   33  985  208  300  590  754]
 [ 403    8  654   40   14  132  218]
 [  12  985   33  300  208  488  590]
 [  12  985  300   33    2  208  590]
 [  12  985   33  300  208  488  587]
 [ 403 1003    8  259   14  672  132]
 [ 814  946  264  945  253  215   44]
 [  12  985   33  300  208  488  587]
 [  12   33  985  300  208  488  587]
 [ 403  654   40  949  218    8  915]
 [   8   30  269  391  380  557  232]
 [ 160  518   44  645  139  246  253]
 [  11   60  726  731  818   50   44]
 [   0   33   71  391  953  611  638]
 [  12  985   33  208  590  629  300]
 [  12    2   33  300  391  208   58]
 [ 403    8   40  654  915  627  557]
 [  12  985   33  208  300    2  590]
 [ 403   14   40    8  218  488  764]
 [ 403  218  652   40  949  222  915]
 [  12  985   33  208    2  300  590]
 [  12  985   33  208    2  300  590]
 [  12   33  754  636  208  985   30]
 [   0   33  834  985  160  638   11]
 [ 814  667  296  979  179  253  655]
 [ 403   40  652  218  222    8  709]
 [  12  985   33  208  300    2  590]
 [   0  391   33   55  678  902  259]
 [   0   33  834  985  638   11  160]
 [  12  985   33  300  208  488  587]
 [ 645  388   58  667  814  945  726]
 [  12  985   33  208  300    2  590]
 [   0   33   11  638  834  985  160]
 [  12  985   33  300  208  488    2]
 [   8   30  391  528  557  104  232]
 [   8  391  528  678   30  884  380]
 [  12  985   33  300  208  636  488]
 [  33   12  636  129  208  985   55]
 [  12  985   33  208  300    2  590]
 [   0   71   16   55  643  700  973]
 [  12  985  208   33  300    2  590]]
label: [12 -1 -1 -1 12  8 -1 12 12 -1 12  8 12 -1 12 33 12  0 -1 -1 12 -1 12 12
 12  6 12 -1 -1 -1 12 12 -1 12 12  0 12 12 12 12 12 12 12  8 12 12 12 -1
 -1 -1 12 12 -1 12  0  8 12  7 12 -1 -1 12 -1 12 12 -1 -1 12 -1 12 -1 12
 12 -1 -1 -1 -1 -1 12 -1 12 12 -1  6 -1 -1 -1  6  0  6 -1 12 10 12 -1 -1
 -1 12 12 12]
predc: [[  12  985  208  300  590   33  488]
 [ 403   14    8   40  654  218  764]
 [ 403  218  132 1003  808  621  754]
 [ 773  319  821  638  880  308  852]
 [  12  985   33  208  300  488  587]
 [   8  391  678  528  818  616  380]
 [  43  726   57  152  518  160    6]
 [  12   33  208  754  985  557  590]
 [  12  985   33  208  300  488  587]
 [ 104  597  528  635  847  304  933]
 [  12   33    2  985  300  208  754]
 [   8  678  528  810  391  488  259]
 [  12  985   33  300  208  488  587]
 [ 534  103  329  676  336  337   85]
 [  12  985   33  208  300    2  590]
 [  33   12  636  391  985  257  300]
 [  12  985   33  208  300  488  587]
 [   0   33  391  678  902   55  208]
 [ 722  725  250  838  217  425  541]
 [ 667  138  569  555   74  814  721]
 [  12  985   33  300  208  590    2]
 [ 242  246  260   11  257  395  598]
 [  12  985   33  300  208    2  590]
 [  12  985   33  208  300    2  590]
 [  12   33  208  985  636  902   37]
 [   6  687    9  423   71   96  403]
 [  12  985  300   33  590  208    2]
 [ 103  233  534  970  857  234  111]
 [ 629   12  277   43  257  824   30]
 [ 236  667  138  242  555  693  139]
 [  12  985   33    2  208  300  587]
 [  12  985  208   33  590  300    2]
 [ 403  824  949  218   40   14  132]
 [  12  985   33  300  208  488  587]
 [  12   33  902  208  300   58  985]
 [   0   33  678   55  391  259   44]
 [  12  985   33  208  300  488  590]
 [  12  985   33  300  208  488  587]
 [  12  985   33    2  208  300  590]
 [  12  985   33  208  391  300  590]
 [  12  985   33  300  208  488  587]
 [  12  985  300   33  208  590    2]
 [  12  985  208   33  590    2  391]
 [   8  678  391  488  528  380  639]
 [  12  985  208   33  300  590   51]
 [  12   33  208  902  985   37  300]
 [  12  985   33  300  208  488  587]
 [ 403  218  764   14    8  949   40]
 [ 403   40  949  218  824   14  132]
 [ 403  218   14    8   40  764  949]
 [  12  985   33  300  208  488  587]
 [  12  754  208    2   33  590  391]
 [ 403  654  218   40  949  132  709]
 [  12   33    2  208  300  985   37]
 [   0   33   71  953  391  611   55]
 [   8  269  391  678   30  232  380]
 [  12  985   33  300  208  488  587]
 [   7  391  750  155   55   11  660]
 [  12  985   33  300  208  488  587]
 [  79  555  139  569  518  658   10]
 [ 403  218  949  824   14   40  764]
 [  12   33  636  300  208  985  488]
 [ 403   14    8  218   40  764  488]
 [  12  985   33  300  208  488  587]
 [  12  985  300   33  208  488  590]
 [ 847  868  234  783  886  505  853]
 [ 981  725  979  726   59  834  868]
 [  12  985   33  300  208  488  590]
 [ 218  403  911 1004  380   14    8]
 [  12  985   33  300  208  590    2]
 [   6  874  403   51  434   57   50]
 [  12  985   33  300  208  488  587]
 [  12   33   58  208  985  902  300]
 [ 403  949   40  218  794   14  654]
 [ 403    9    8  915 1003  824  389]
 [ 403 1003  218  269  672  259   14]
 [ 242   11  246    2   37  321  551]
 [ 264  814  667  645  726   72  720]
 [  12  985   33  300  208  488  587]
 [   0   33   11  834  985  160  638]
 [  12   33   58  985  902  208  300]
 [  12  985   33  208  300  590    2]
 [ 726   60   57  135   50  215   59]
 [   6    9   58   78   51   43   52]
 [ 726   60   57  135  160   50   11]
 [ 403   40  652  218  425  764  915]
 [   8  403 1003  389  901  557  634]
 [   6    9  889  973  687   71 1008]
 [   0  391   33   55  208  678  434]
 [   6  403  764    9  152  434  973]
 [ 819  818  840  842  884  505  638]
 [  12   33 1003  300  257  902  208]
 [  10  631   74 1020   45  212   56]
 [  12   33  636  985  257   37  208]
 [  44  246  518  269  236  257  266]
 [ 403   40  654    8  949  709   14]
 [ 403  218  949  915   40  824  132]
 [  12  985   33  300  208  488    2]
 [  12   33  208  985  300    2  636]
 [  12  985   33  300  208  488  587]]
label: [ 12 137  12  -1  12  12  12  -1  -1  12  -1 391  -1  12  -1  12  12  12
  -1  -1  12  12  -1  -1  12  -1  12   8   0  12  -1  -1  -1  -1  33   8
  12  -1  12  12  12  -1  -1   8  12 391  12 391  12  -1  12  -1  12  -1
  -1   7 391  12  12  12  -1  12  12  12  -1  12  12  12  -1 391  -1  12
  12  12  12  12  12 658  -1  -1  12  12  12  -1  12   8  12  12  12  12
  12  33 391  12  12  33  -1  12  -1   0]
predc: [[  12  985    2   33  208  300  590]
 [ 720  814  667  296  990  929  253]
 [  12  985   33  208    2  300  590]
 [   0   33  834   11  985  638  160]
 [  12   33  985  636  208  557  902]
 [  12  985   33  208    6  300  488]
 [  12  985    2   33  208  300  590]
 [ 915  403  573    8 1003  218  685]
 [ 983  884  750   33  960  953  818]
 [  12  985   33  300  208  590    2]
 [ 403  218 1003  380  999  911  672]
 [ 391   33    0    2  818   55    8]
 [ 726   57   60 1014  725  139  645]
 [  12  985   33  208  300  590    2]
 [ 645  246  667  952  726   43  245]
 [  12  985   33  208  300    2  590]
 [  12  557  300  208  636   33  985]
 [  12  985   33  208  300  636    2]
 [ 868  871  848  962  823  308  852]
 [   0   33   11  834  985  638  160]
 [  12  985   33  300  208  629  590]
 [  12  985   33  300  208  488    2]
 [ 403 1003  672  259    8  269   14]
 [ 308  734  766  871  823  848  311]
 [  12  985   33  208  300    2  590]
 [ 490  295  280 1012  243   96  510]
 [  12  985   33  208  300  488  587]
 [   8  528  678  696  901  642  653]
 [   0  391   33   55  678   71   38]
 [  12   33  754  208  985  300   58]
 [ 701  703   64  921  948  174    7]
 [ 269   44  242  726  257   57  656]
 [ 726   57   60  160   11   43  135]
 [ 403  949   40   14    8  218  779]
 [  33  636   12   37  257  208  902]
 [   8  391  528  232  259  639  810]
 [  12  985  300   33  488  208  587]
 [ 403  642    8  915  901  218  671]
 [  12  754   33  208  985  902    2]
 [  12  985   33  300  208  488  587]
 [  12  985   33  300  208  488  587]
 [ 403  218  652   40  915  949  709]
 [ 403   14  627  764    8  218  424]
 [   8  678  653  696  104  391  642]
 [  12  985  300  208   33  590  391]
 [ 391    2   33   55   12  380  818]
 [  12  985   33  300  208  488  587]
 [ 391   33    8    2   55  380    0]
 [  12  985   33  300  208  488  587]
 [ 264  974  220  215   13  838  568]
 [  12  985    2  208   33  300  590]
 [  33    0  638  257  246  242  160]
 [  12  985   33  300  208    2  590]
 [ 629  434  507   11   55   43  236]
 [   0   11  834  638   33  985   60]
 [   7  391   55   12   11   13  750]
 [ 391   33    2   55    0  818  528]
 [  12   33  208  300    2  985  754]
 [  12  985   33  300  208  488  587]
 [  12  985   33  300  208  488  587]
 [ 403 1003  672  218  259    8   14]
 [  12  985   33  300  208  488  587]
 [  12  985   33  300  208    2  590]
 [  12   33  300  208  636  985   30]
 [ 403  218   40   15   75   14  824]
 [  12   33    2  902  985   58  208]
 [  12  985   33    2  208  300  590]
 [  12  985   33  300  208  488  587]
 [ 403    8  654   14   40  627  218]
 [ 391    0   33    2  818   55    8]
 [ 403  218  132   52  764   53  985]
 [  12  985   33  300  208  629  590]
 [  12  985  208   33  300  629  590]
 [  12  985   33  208  300  590    2]
 [  12  985   33  300  208  488  636]
 [  12    2  300   33  557   58  866]
 [  12  985  208   33  300  590  391]
 [ 940  916  943   10  833   16  937]
 [ 722  838  725  250  781  215  849]
 [ 868  871  848  852  308  418  823]
 [  12   33  985  208  300  754    2]
 [  12  985   33  208  300    2  590]
 [  12  985  208   33  300  590  629]
 [ 234  676  233  188  103  708  857]
 [  12  985   33  300  208  488  587]
 [   8  391  528  678  259  624  380]
 [  12   33  985   58  636  208  902]
 [  12  985   33  208  300    2  590]
 [  12  985   33  300  208  488  587]
 [  12  985   33  300  208    2  488]
 [  12  985   33  300  488  208  590]
 [  33   12  208  636  754    2   55]
 [ 391    2   33    0   55  380  668]
 [  12   33    2  985  208  300  636]
 [  12  985   33  300  208  488  587]
 [  33   12  754  636   55  208    2]
 [ 233  303  260  156  151  389  238]
 [  12  985   33  300  208  488  587]
 [ 567  853  216  874  381  886  868]
 [   0   33  391  678   55  259   71]]
label: [ 12  12  12  12  12  12  12  -1  12  12   8  12  -1  -1   7  12  12  12
  -1  -1 137  -1  -1  -1 391  12  -1  -1  12  -1   8   8  12  12  -1   0
  -1  12  -1  12  -1  12  12  12  -1  12  12  12  12  12  12  -1  12  12
  -1  -1  -1  -1  -1  -1  12 391  33  -1  -1  12   0  -1  -1  -1  -1   0]
predc: [[  12  985  208  590   33  300  488]
 [  12    2   33  300  391  208  557]
 [  12  985   33  300  208  488  636]
 [  12  985   33  300  208  488  587]
 [  12  985   33  300  208  488  587]
 [  12   33  754  208  985  902   58]
 [  12   33  300  985  208  590  636]
 [ 403  218  627   14  764   40  886]
 [  12  985   33  208  300    2  590]
 [  12   33  300  985  208    2  636]
 [   8  391  678  488  528  380  639]
 [  12  557  300  636   33  208  985]
 [ 403   40  652    8  425  915  764]
 [ 822  838  859  823  308  739 1027]
 [   7  391   55  300    0  750  819]
 [  12  985   33  300  208  488  587]
 [  12  985  300   33  488  208  587]
 [  12  985   33  300  488  208  587]
 [  57  160  726  628  600  725  750]
 [ 403    8   14   40  218  488  764]
 [ 720  990  179  814  667  296  253]
 [ 403   40    8  425  652  218   14]
 [   0   33  985  834   11  160  638]
 [ 403  218  764  132   14  654  915]
 [ 391    0   33    2  818    8   55]
 [  12  985   33  208  300    2  590]
 [ 403  218  925   15  949    8  132]
 [ 403  218   14  764  627   40    8]
 [  12  985   33  300  208  488    2]
 [ 403   40    8  652  425  488  915]
 [   8   30  678  696  949  958  794]
 [   8  528  678  259  391  639   87]
 [  12   33  208  300  985  754  636]
 [  12  985   33  208  300  590  488]
 [ 403  218  654   14   40  764  915]
 [   0   33  678  391  259   55  902]
 [ 403   40    8  652  425  915  218]
 [  12  985   33  208  300    2  590]
 [ 629  507  434   43  236   11   55]
 [  12  985   33  300  208  488    2]
 [ 945  667  645  388   58  266 1014]
 [  12  985   33  208  300    2  590]
 [  12  985   33  208  300  488  587]
 [  12  985   33  300  208  488  587]
 [ 103  234  970  233  244  151  534]
 [  12   33    2  902  985  208  754]
 [  12  985   33  300  208  488  587]
 [  12  985   33  208  300  488  761]
 [  12  985   33  208  300  488  587]
 [  12  985    2   33  208  300  590]
 [  12  985   33  208  300    2  590]
 [ 871  308  868  848  773  766  823]
 [  12  985   33  208  300    2  590]
 [  12   33  902   58  208  300  636]
 [ 403  627  218   14  764   40    8]
 [ 103  534  676  329  337  336  523]
 [ 179  814  253  681  245  556  296]
 [ 403  218   14  654   40  816  764]
 [ 403   40  652  425  218  930   14]
 [ 403   40  652  218  425    8  764]
 [  12  985   33  208  300  590  488]
 [ 391    0   33    2  818    8   55]
 [  33   12  985  391  208  636   55]
 [ 726   60   57   50  160  135   11]
 [ 403   40  652    8  425  930  222]
 [  12  985   33  300  208  590  488]
 [   0   33  678  391   55   71  259]
 [   0   33   11  834  985  638  160]
 [ 403   40    8  652  425  218  488]
 [ 403    8 1003  915  218  132  824]
 [ 403   14  218  764   40    6    8]
 [   0   33   55  391  259   71   79]]
