label: [ 3  3  3  3  3  3  3  3  3  3  3  3  3  3  3 11  3  3  3  3]
predc: [[ 3 25  2 43 13  4 58]
 [ 3 43  4  2 58 25 13]
 [ 3  2 25 13 43  4 58]
 [ 3 43  4  2 58 25 13]
 [ 3 43  2 25  4 13 58]
 [ 3 25 13  2 43  4 58]
 [ 3 43  4  2 25 58 13]
 [ 3 43  4  2 58 25 13]
 [ 3  4 58 43 25  2 31]
 [ 3 43  4 25  2 58 13]
 [ 3 25 13  2 43  4 31]
 [ 3 13  2 25 43 31  4]
 [ 3 43  4 25  2 58 13]
 [ 3 43  4 58 25  2 13]
 [ 3 25  2 43 13  4 58]
 [11 25  4 52  3 58 13]
 [ 3  2 13 25 43  5  4]
 [ 3  4 43 58  2 25 31]
 [ 3 25  2 43 13 58  4]
 [ 3 43  4  2 25 58 31]]
