label: [  2 125   2   2 125 125   2   2   2 125   2 125 125 125 125 125   2   2
 125   2   2 125 125   2 125   2   2 125 125 125 125 125   2 125 125   2
 125   2   2   2 125   2 125   2 125 125   2 125 125   2 125 125   2 125
 125 125 125   2   2   2 125   2 125   2   2 125 125   2   2   2   2 125
   2   2   2 125 125 125 125 125 125   2   2 125   2 125 125 125   2   2
   2   2 125 125 125 125   2 125 125   2]
predc: [[  2  50 120  23 144 126 108]
 [125  50  23 160   7  87   0]
 [  2  50 120  23 144 126  28]
 [  2  50 120  23 144 126 245]
 [125  50  23 120 146  87   7]
 [125  50  23 146  87   7 120]
 [  2  50 120   0  23 245 146]
 [  2  50 120 126  23 144 241]
 [  2  50 120  23 144 126 245]
 [125  50  23 146   7 120  87]
 [  2  50 120  23 144 245  28]
 [125  50  23 146  87 108 120]
 [125  50  23  87 146 108  28]
 [125  50  23  87   4 160 146]
 [125  50  23   7 146 120  87]
 [125  50  23  87 146 160   4]
 [  2  50 126 120  23 144 241]
 [  2  50 120 144 126 234 130]
 [125  50  23  87 108 146 160]
 [  2  50 120 126 144  23 241]
 [  2  50 120  23 144 126 245]
 [125  50  23 146 120  87   7]
 [125  50  23 146 120  87   7]
 [  2  50 120  23 144 126  28]
 [125  50  23 146  87   7 245]
 [  2  50 126 120  23 144 241]
 [  2  50 120  23 144 108  28]
 [125  50  23 146  87 120   7]
 [125  50 146  23  87 120   7]
 [125  50  23 120  87 146 108]
 [125  50  23 146  87   7 120]
 [125  50  23 146 120   7  87]
 [  2  50 120  23 144 126  28]
 [125  50  23 146  87   7 108]
 [125  50  23   7  87 108  28]
 [  2  50 120  23 144  87  28]
 [125  50  23 160 146  87   7]
 [  2  50 120  23 144 126 245]
 [  2  50 120  23 144 245  28]
 [  2  50 120  23 126 144 236]
 [125  50  23  87   7 146 108]
 [  2  50 120 126  23 245 241]
 [125  50  23   7 120  87 146]
 [  2  50 120  23 144  28 245]
 [125  50  23 146 120  87 160]
 [125  50  23 146  87 160   7]
 [  2  50 126 120  23 144 241]
 [125  50  23 146  87 108 160]
 [125  50  23 160 146  87 108]
 [  2  50 120  23 144 126  28]
 [125  50  23 146  87   4 160]
 [125  50  23 146 120  87 160]
 [  2  50 120  23 144  28 126]
 [125  50  23 146   7  87 120]
 [125  50  23 120 146  87 108]
 [125  50  23   7  87 146 108]
 [125  50  23  87 146 160   7]
 [  2  50 120  23 245 126 144]
 [  2  50 120  23 144  28 108]
 [  2  50 120  23 144 126  28]
 [125  50  23  87 146 108 120]
 [  2  50 120 144 126  23 241]
 [125  50  23 146  87 120 108]
 [  2  50 144  23 202 197 176]
 [  2  50 120  23 144 126 245]
 [125  50  23 120 146  87   7]
 [125  50  23 146  87 120 108]
 [  2  50 120  23 144 245 236]
 [  2  50 120  23 144  28 108]
 [  2  50 120  23 144  28 108]
 [  2  50 120  23 144 126 245]
 [125  50  23 146  87 120 108]
 [  2  50 120  23 144 126  28]
 [  2  50 120  23 144  28 108]
 [  2  50 120  23 144 126  28]
 [125  50  23 146 160  87   4]
 [125  50  23 146  87 120 108]
 [125  50  23 120 146  87   7]
 [125  50  23   4  87 108 124]
 [125  50  23 146 120  87 108]
 [125  50  23 146  87 108 245]
 [  2 126  50 120 144 245  23]
 [  2  50 120 144  23 126 245]
 [125  50  23  87 108 146   7]
 [  2  50 120 126  23 144 241]
 [125  50  23 146  87 120   4]
 [125  50  23   7 120 146  87]
 [125  50  23  87 146 120   7]
 [  2  50 120  23 144 126  28]
 [  2  50 120  23 126 236 144]
 [  2  50 120  23 144 245  28]
 [  2  50 120 126 144  23 241]
 [125  50  23   7 146  87 120]
 [125  50 120  23 146 245  87]
 [125  50  23 146  87 120 108]
 [125  50  23   7  87 146 108]
 [  2  50 120 144  23 126 241]
 [125  50  23 120  87 146 108]
 [125  50  23 146   7  87 120]
 [  2  50 120  23 245 108 144]]
label: [125 125 125   2   2   2 125 125   2 125 125 125 125 125 125   2   2   2
   2   2   2 125 125   2 125   2 125   2 125   2   2 125 125 125 125   2
 125   2 125 125 125 125 125 125   2 125   2   2 125 125 125   2   2   2
 125 125   2 125   2   2 125   2   2 125 125   2   2   2 125   2   2 125
 125 125 125 125   2   2   2   2 125   2 125 125   2 125   2 125   2   2
   2 125 125 125   2 125   2 125   2   2]
predc: [[125  50  23 146   7  87   0]
 [125  50  23   7  87 146 120]
 [125  50  23 146  87 108 120]
 [  2  50 120 126  23 144 241]
 [  2  50  23 120 144 245  28]
 [  2  50 120  23 144 245  87]
 [125  50  23 146 120   7  87]
 [125  50  23  87 108 146 120]
 [  2  50 120 126  23 245 144]
 [125  50  23 146 120  87   7]
 [125  50  23 146  87   7 160]
 [125  50  23 160 146  87   4]
 [125  50  23 160 146  87 108]
 [125  50  23 146   7  87 120]
 [125  50  23 146 120  87   7]
 [  2  50 120  23 144 126  28]
 [  2  50 120  23 144 245 126]
 [  2  50 120  23 126 144 245]
 [  2  50 120  23 144 108  28]
 [  2  50 120  23 144  28 108]
 [  2  50 120 144 126  23 241]
 [125  50  23 146  87 108  28]
 [125  50  23   4  87 160 146]
 [  2  50 126 120 144  23 197]
 [125  50  23  87 146   4 108]
 [  2  50  23 234 120 126 130]
 [125  50  23  87   7 108 120]
 [  2 126  50 120 144 197 245]
 [125  50  23 146 160  87   7]
 [  2  50 126 120 144  23 130]
 [  2  50 120  23 144  28 108]
 [125  50  23   7  87 120 108]
 [125  50  23   7 120  87 146]
 [125  50  23 146 120  87   7]
 [125  50  23 146  87 108 120]
 [  2  50 120  23 144 108  28]
 [125  50  23  87 146 108 120]
 [  2  50 120  23 144 126 245]
 [125  50  23 146   7  87 108]
 [125  50  23   7   0 120  87]
 [125  50  23 146 120  87 160]
 [125  50  23 146 120  87   4]
 [125  50  23 146   7  87 120]
 [125  50  23   7  87   0 146]
 [  2  50 126 120 144  23 130]
 [125  50  23  87 146 108 120]
 [  2  50 120  23 126 144 245]
 [  2  50 144 126 120  23 234]
 [125  50  23   7 146  87 108]
 [125  50  23   7 146  87 108]
 [125  50  23 146 120   7  87]
 [  2  50 120 126  23 144 241]
 [  2  50 120  23 144 245  28]
 [  2  50 120 144  23 126 241]
 [125  50  23   7 146  87 160]
 [125  50  23 146  87 108 120]
 [  2  50 120 144  23 126 241]
 [125  50  23 146 120  87 108]
 [  2  50 120 126  23 144 130]
 [  2  50 120 126  23 144 241]
 [125  50  23 146   7 120  87]
 [  2  50 120  23 144 245  28]
 [  2  50 120  23 144 126  28]
 [125  50  23 160  87 146   7]
 [125  50  23 146  87 120 160]
 [  2  50 120  23 144 126 245]
 [  2  50 120  23 144  28 108]
 [  2  50 120 126 144  23 241]
 [125  50  23 146 120   7  87]
 [  2  50 126 120  23 144 245]
 [  2  50 120 126  23 144 197]
 [125  50  23   7  87 108 146]
 [125  50  23 146 120  87   7]
 [125  50  23   7 146 120  87]
 [125  50  23   7  87 146 120]
 [125  50  23 146  87 108 120]
 [  2  50 120  23 144 108  28]
 [  2  50 126 120  23 144 241]
 [  2  50 120  23 144 126 241]
 [  2  50 120  23 245 144 108]
 [125  50  23 120   7  87 146]
 [  2  50 120  23 144  28 108]
 [125  50  23 146  87 108 160]
 [125  50  23   7 146  87 120]
 [  2  50 120 126  23 144 245]
 [125  50  23   4  87 146 160]
 [  2  50 120 126 144 234 241]
 [125  50  23 146 120  87   7]
 [  2  50  23 144 120 236  87]
 [  2  50 120  23 144 245 126]
 [  2  50 120  23 144 126  28]
 [125  50  23 146  87 120 108]
 [125  50  23 120   7  87 146]
 [125  50  23   7 120 146  87]
 [  2  50 120 126  23 144 241]
 [125  50  23  87 120 108  28]
 [  2  50 120  23 126 144 241]
 [125  50  23 120 146   7  87]
 [  2  50 144  23 126 120 234]
 [  2  50 120  23 144  28 245]]
label: [  2   2 125   2 125   2   2 125   2 125   2   2   2   2 125 125 125   2
   2 125 125   2   2   2 125 125   2 125   2 125 125 125   2 125   2 125
   2 125 125 125   2   2 125   2   2 125   2 125 125 125   2   2   2 125
   2   2 125   2   2 125 125   2 125   2 125 125 125 125   2 125 125   2
   2 125 125   2   2   2 125   2 125   2   2 125   2 125 125 125 125 125
   2 125   2 125   2 125   2   2 125   2]
predc: [[  2  50 120  23 144 126 241]
 [  2  50 120  23 144 126 241]
 [125  50  23   7  87 108 120]
 [  2  50 126 120 144  23 241]
 [125  50  23 146 120  87   7]
 [  2  50 120  23 144 245 108]
 [  2  50 120  23 144 126  28]
 [125  50  23   7 146 120  87]
 [  2  50 120  23 144  28 108]
 [125  50  23   7  87 120 108]
 [  2  50 120  23 144 126 245]
 [  2  50 120  23 144  28 108]
 [  2  50 120 126  23 144 241]
 [  2  50 120  23 144 126  28]
 [125  50  23 146  87   7 120]
 [125  50  23 146 120   7  87]
 [125  50  23 146   7  87 120]
 [  2  50 120  23 126 144 245]
 [  2  50 120 126 144  23 241]
 [125  50  23  87   7   0 108]
 [125  50  23 146   7  87 120]
 [  2  50  23 120 144 126  28]
 [  2  50 120  23 144 245  28]
 [  2  50 120  23 144 126 241]
 [125  50  23 146  87 120 108]
 [125  50  23 146 120  87   7]
 [  2  50 120  23 144 245  28]
 [125  50  23 146 120  87   7]
 [  2  50 120  23 144  28 108]
 [125  50  23 146  87   7 120]
 [125  50 146  23 120   7  87]
 [125  50  23  87   7 146 108]
 [  2  50 120  23 126 144 236]
 [125  50  23 146 120   7  87]
 [  2  50 144 120  23 126 241]
 [125  50  23   7 146  87 108]
 [  2  50 120  23 126 144 234]
 [125  50  23 146   7  87 120]
 [125  50  23 146  87   7 120]
 [125  50  23 146 120  87   7]
 [  2  50 120 144  23 126 241]
 [  2  50 144 120 126  23 241]
 [125  50  23 146 120  87   7]
 [  2  50 120  23 144 126 245]
 [  2  50 120  23 144  28 108]
 [125  50  23 120  87   7 108]
 [  2  50 120 144  23 126 234]
 [125  50  23 146  87 120 108]
 [125  50  23 146  87 120 108]
 [125  50  23 146 120   0  87]
 [  2  50 120  23 144 245  28]
 [  2  50 120  23 144  28 108]
 [  2  50 120  23 126 144 241]
 [125  50  23 146  87 120 108]
 [  2  50 120 144  23 234 241]
 [  2  50 120 144  23 234 241]
 [125  50  23  87 146   7 108]
 [  2  50 120 126  23 245 144]
 [  2  50 120 144 126  23 241]
 [125  50  23  87 146 108 124]
 [125  50  23   7  87 146 120]
 [  2  50 120  23 144 245  28]
 [125  50  23  87 146 108 120]
 [  2  50 120 126  23 144 241]
 [125  50  23  87 146 120   7]
 [125  50  23 146  87 120   7]
 [125  50  23  87 108 146   7]
 [125  50  23 146  87 120 108]
 [  2  50 120  23 144 126 245]
 [125  50  23 146  87 120 108]
 [125  50  23 146  87 120 108]
 [  2  50 120  23 144 245  28]
 [  2  50 120  23 144 245  28]
 [125  50  23 146   7  87 120]
 [125  50  23  87 108  28 146]
 [  2  50 120  23 144 245  28]
 [  2  50 120  23 144 126 245]
 [  2  50 120 126  23 144 245]
 [125  50  23   7 120 146  87]
 [  2  50 120  23 144  28 108]
 [125  50  23 146  87   7 120]
 [  2  50 120  23 144 245  28]
 [  2  50  23 120 236 126 144]
 [125  50  23  87 146 108   7]
 [  2  50 120  23 144  28 245]
 [125  50  23 146  87 120   7]
 [125  50  23 146   0   7  87]
 [125  50  23 146  87 108  28]
 [125  50  23 146   7  87 108]
 [125  50  23  87 108  28 124]
 [  2  50 120  23 144 126 245]
 [125  50  23 120   0   7  87]
 [  2  50 120  23 144 126  28]
 [125  50  23 146  87 108 120]
 [  2  50 120  23 144 245  28]
 [125  50  23 146  87   7 120]
 [  2  50 120  23 144  28 108]
 [  2  50 120  23 144  28  87]
 [125  50  23 146  87 108 120]
 [  2  50 120  23 144 126 245]]
label: [  2   2 125   2 125   2   2   2 125   2   2 125 125   2 125 125   2   2
   2   2 125   2   2   2 125   2   2 125   2   2 125   2   2   2 125   2
   2   2 125 125 125 125   2   2   2   2 125 125 125   2 125   2   2   2
 125   2   2   2 125   2   2   2   2 125   2   2 125 125 125 125   2   2
 125 125   2   2 125   2   2   2 125   2 125   2   2 125 125  -1   2   2
   2 125 125 125   2   2   2   2   2   2]
predc: [[  2  50 120  23 144  87  28]
 [  2  50 120  23 144  28 126]
 [125  50  23 146  87 120   7]
 [  2  50 120  23 144 245  28]
 [125  50  23 146  87   7 120]
 [  2  50 120  23 144 234  28]
 [  2  50 120  23 144 126 245]
 [  2  50 120 126  23 144 241]
 [125  50  23 146  87 120 160]
 [  2  50 120  23 126 144 197]
 [  2  50 120  23 144  28 108]
 [125  50  23 146 120   7  87]
 [125  50  23 146 120  87   7]
 [  2  50 120 126 144  23 241]
 [125  50  23 146  87 120 108]
 [125  50  23 146   7  87 108]
 [  2  50 120 126 144  23 241]
 [  2  50 120  23 126 144 241]
 [  2  50 120  23 144  28 108]
 [  2  50 120  23 144 245 241]
 [125  50  23 146   7  87 120]
 [  2  50 120 144  23 241 126]
 [  2  50 120  23 144  28 108]
 [  2  50 120 126 144  23 241]
 [125  50  23 146 120  87   7]
 [  2  50 120  23 144 236  28]
 [  2  50 120 126  23 144 241]
 [125  50  23 146  87 108   7]
 [  2  50 120  23 144 126  28]
 [  2  50 120  23 144 126 236]
 [125  50  23 146  87 120 108]
 [  2  50 120  23 126 245 144]
 [  2  50 120  23 144 245  28]
 [  2  50 120 126  23 144 241]
 [125  50  23  87   7 146 120]
 [  2  50 126 120  23 144 241]
 [  2  50 120  23 126 144 245]
 [  2  50 120 126  23 144 245]
 [125  50  23   7  87 108 120]
 [125  50  23 146 120   7  87]
 [125  50  23  87 146   7 120]
 [125  50  23 146  87 120   7]
 [  2 126  50 120 144 197 245]
 [  2  50 120  23 144 126  28]
 [  2  50 120  23 144 245  28]
 [  2  50 120  23 144 126  28]
 [125  50  23   7  87 120 146]
 [125  50  23 146   7  87 120]
 [125  50  23 146 120  87   7]
 [  2  50  23 120 144  87  28]
 [125  50  23   7  87 120 146]
 [  2  50 120  23 126 144 245]
 [  2  50 120 144  23 126 245]
 [  2  50 120  23 144 126 245]
 [125  50  23 146 167 120 205]
 [  2  50 126 120  23 144 241]
 [  2  50 120  23 144 126 241]
 [  2  50 120  23 144 245  28]
 [125  50  23   7 146   0 120]
 [  2  50 120  23 144 245  28]
 [  2  50 120  23 144  28 108]
 [  2  50 120  23 144  28 108]
 [  2  50 120  23 144 108  28]
 [125  50  23 146  87 120 160]
 [  2  50 120  23 144 108  28]
 [  2  50 120  23 144 245 108]
 [125  50  23 146  87   7 108]
 [125  50  23 146  87 120 108]
 [125  50  23 146  87 108  28]
 [125  50  23 146  87 120 160]
 [  2  50 120 126 144  23 197]
 [  2  50 120  23 144 126  28]
 [125  50  23 146 160   7  87]
 [125  50  23 146  87 120 160]
 [  2  50 120  23 144 126 241]
 [  2  50  23 144 120  87  28]
 [125  50  23 160  87 146 108]
 [  2  50 120  23 144 245  28]
 [  2  50 120  23 144  28 108]
 [  2  50 120 144 126  23 241]
 [125  50  23 146   7  87 108]
 [  2  50 120  23 126 144 241]
 [125  50  23 146 120  87 108]
 [  2  50 120  23 144 126  28]
 [  2  50 120  23 144 245  28]
 [125  50  23 146  87 120 108]
 [125  50  23 146  87   7 108]
 [260 184 243 264  87 172 209]
 [  2  50 120 126 144  23 245]
 [  2  50 120 144  23 126 241]
 [  2  50  23 120 245 108  28]
 [125  50  23   0   7 120  87]
 [125  50  23   7 146  87 108]
 [125  50  23 146 120  87 108]
 [  2  50 120  23 144 108  28]
 [  2  50 120 126  23 144 241]
 [  2  50 120  23 126 144 241]
 [  2  50 126 120  23 144 241]
 [  2  50 120  23 144 126  28]
 [  2  50  23 120 245   0 126]]
label: [125 125 125   2   2 125   2   2 125 125 125   2   2   2   2 125 125 125
 125   2 125 125 125   2   2   2 125 125 125   2   2   2 125 125 125 125
   2 125   2 125 125 125   2 125 125   2   2 125   2   2   2 125   2 125
 125   2 125 125 125]
predc: [[125  50  23  87 146 120 108]
 [125  50  23   7   0 120  87]
 [125  50  23 120   7 146  87]
 [  2  50 120  23 144 245  28]
 [  2  50 120  23 144  28 108]
 [125  50  23 120 146   7  87]
 [  2  50 120  23 144  28 108]
 [  2  50 120  23 144 236  28]
 [125  50  23 146  87 120 108]
 [125  50  23 146 120  87 108]
 [125  50  23 146 120  87 108]
 [  2  50 120  23 144  28 108]
 [  2  50 120 126  23 197 144]
 [  2  50 120  23 144 108  28]
 [  2  50 120  23 144 126 245]
 [125  50  23 120   7 146   0]
 [125  50  23 146  87 108 160]
 [125  50  23 146  87 108 120]
 [125  50  23 160   7 146  87]
 [  2  50 120  23 126 144 245]
 [125  50  23  87 146 108 120]
 [125  50  23 146  87 120 108]
 [125  50  23   7 120 146  87]
 [  2  50 120  23 144  28 108]
 [  2  50 120 126  23 144 241]
 [  2  50 120  23 144 245  28]
 [125  50  23   7 146  87 160]
 [125  50  23   4 146 160  87]
 [125  50  23  87   7 108 146]
 [  2  50 120  23 126 144 245]
 [  2  50 120  23 144 245  28]
 [  2  50 120 126  23 144 241]
 [125  50  23 146   7  87 120]
 [125  50  23 146 120   7  87]
 [ 50 125  23 120  87 245 167]
 [125  50 146  23  87 120   0]
 [  2  50 120  23 144  28 108]
 [125  50  23 146   7  87 120]
 [  2  50 120  23 144 245  28]
 [125  50  23   7   0 146 120]
 [125  50  23   7 120  87 146]
 [125  50  23  87 108  28 124]
 [  2  50 120  23 144 245 108]
 [ 50 125  23 245  87 108   4]
 [125  50  23 146  87 120 108]
 [  2  50 120 144 126  23 241]
 [  2  50 120 126  23 144 241]
 [125  50  23 146 120   7  87]
 [  2  50 120  23 144  28 108]
 [  2  50 120  23 144 245  28]
 [  2  50 120 126 144  23 241]
 [125  50  23   7   0 120  87]
 [  2  50 120  23 144  28 108]
 [125  50  23   7  87 146 120]
 [125  50  23  87 160 108   4]
 [  2  50 120  23 126 144 245]
 [125  50  23 146  87 108   7]
 [125  50  23 146 120  87 108]
 [125  50  23   7   0  87 120]]
