label: [-1 -1 -1 -1 40 18 18 19 -1  2 -1 40 -1  2 -1 18 -1 -1]
predc: [[ 0 54 20 37 44 49  3]
 [27 28 31  1 18 14 20]
 [36 41  1 50  4 40 27]
 [43 41 47 16 28 46  4]
 [40 36 50 52 21 39 41]
 [43 16 46 29  7 18  0]
 [18  7  1 28 19 27 14]
 [19  1 28 18 31 27 33]
 [40 64  1 36 52 51 41]
 [ 2 69 29  7 43 16 32]
 [ 7  9 27 32 57 47  0]
 [40 36 52 41 50 43 39]
 [ 0 42 15 26 43 13 29]
 [ 2  1 25 45 18 19  7]
 [ 1 38 41 36  4 11 40]
 [18  7  1 28 27 19 14]
 [ 9 43  8 63 42 47  1]
 [14 22 33 31 51 28 36]]
