label: [75 52 52 52 52 75 52 52  6 -1 52 52 52 52 52  6 52 52 52 52  6 52  6  6
 52 52 52 -1 52  6 52 52  6 52 52 52 52 -1 52 52 52 52 52 52 52 75 75 75
 52 52 52  6 52 52  6 52 52 52 52 75  6 -1 52 52 75 52 52 52 52 52 52 -1
 52 52 52 52 52 52  6 52 75  6 52 52 52 52 52 -1 -1 -1 52 52 52 52 75 52
  6 52 -1 52]
predc: [[  2   8   0   1 146 100  75]
 [ 52 146 131 100   1 145  47]
 [131   8  94  47  93  42  52]
 [ 51 146  39 156  73  85  28]
 [131  47  42 146  52  94   8]
 [  0   8   2  75   1  68   9]
 [ 47  52  79 131  67 145 130]
 [131  47  52  67  79 145  93]
 [  6  71  84 127 116 103  22]
 [  8   0  75  42   2   9  47]
 [ 47  79  52  67 131  57 145]
 [ 79  52  47  67  57 131 132]
 [ 94 131   8  93   2   0  69]
 [ 79  47  52  67  57 131 132]
 [131  47  52  42  93  79 146]
 [  6  71  84 116 127 103  22]
 [ 79  52  47  67  57 132  55]
 [ 47 131  52  79  67  93 145]
 [  2   0  94   8  69 131  93]
 [131  52  93  47  67  94  42]
 [  3  54  10 130   4 100 131]
 [ 52  79  47 146  57  55 132]
 [  6  71  39  51 116  76 138]
 [  6  71 116 127  84 103  22]
 [131  52  47  67  93 145  42]
 [  2   1   8   0 131  94  98]
 [ 47  79  52 131  67 130  57]
 [  8   0  47   9 131 130  42]
 [ 52  79  47 131 146 145  57]
 [  6  71  84 127 116  22 103]
 [ 79  47  52  67  57 145 130]
 [  2 131  42  69  94   8  93]
 [  6  51  71  39 138  28   1]
 [131  47  52  79  67 130  42]
 [131   4 130   8  47  42  67]
 [131  52  47  79  57  93  67]
 [ 47  79  52 131  67 130  57]
 [  8   0  47 131 130  57   9]
 [ 47  79  52 131  67 145 130]
 [131  47  52  79  42 146  67]
 [ 52 131 146  47 100 145  79]
 [ 69 149  77  94 112 123 126]
 [ 79  47  52  67  57 131 130]
 [ 47 131  52  79  67 145  93]
 [ 47  52  79 131  67  57 130]
 [  0   8   2  75   1   9 146]
 [  0  75   8   2 101   1  30]
 [  0   8  75 146  51  73  30]
 [131  47  52  42  79 146  93]
 [131  47  52  79  42  67 145]
 [131  52  47  67 145  79 146]
 [  6  71 116 127  84 103  22]
 [ 47 131  52  79  67 146  93]
 [ 52 100 131  79 146  57  47]
 [  6  71 116  84 127  22 103]
 [131  93  94   8   0  52   2]
 [131  52  47  42 146  67  93]
 [ 52  79  47  57 146 100  55]
 [131  47  52  42  79  93 145]
 [  2   8   1   0 131 100 146]
 [ 83  38 122  15  12  35 115]
 [  8   0  75  42  68   2  94]
 [ 52 100 131 146  79  47  99]
 [  0   2   8  94   9  69  75]
 [  2   8   0   1 146 100 131]
 [ 47  52  79 131  67  57 130]
 [131  47  52  67  79  93 145]
 [ 67  47 131 145  79  53  52]
 [ 47 131  52  79  67  93  57]
 [ 79  52  47  67  57 132 145]
 [131  52  47  79  93  57  67]
 [  8   0  47 129  94 131  69]
 [ 47  52  79 131  67  57 145]
 [ 52 146 131 100   8  47 145]
 [ 47  52  79 131 130  67  57]
 [131  47  52  79  67 146 145]
 [131  47  52  79  67  42 146]
 [ 52  79  47  57 146 131  55]
 [  6  71  84 116 127 103  22]
 [ 79  52  47  67  57 132  55]
 [  2   8   1   0 146 131 100]
 [  2   4   1   3 131   6 130]
 [131  47  67  52 145  79  42]
 [ 52 100 131 146  79  57  47]
 [  8 131   0  94  42  47   2]
 [131  52  47  67 146 145  79]
 [ 52 100 146 131  47  93  79]
 [  8   0  47 131   1 130  42]
 [  8   0  75  42   1  92  56]
 [  8   0  42  75   2  56  69]
 [ 52 131  47 146  79 145 100]
 [131 146  42  52  47   8   2]
 [ 47  52 131  79  67  42 145]
 [131  47  52  79  67  93 146]
 [  0   8   2  75   1  68   9]
 [ 52 131  47  79 146 145 100]
 [ 83  38  12 122 138 115  51]
 [ 52 131  47  79  67 145 146]
 [  8  47   0 131   1 130  42]
 [ 52 131  47  79 146 145 100]]
label: [52 52 52 52 -1 -1 75 52 52 52 75 52  6 52 75 52 52 52 52 52  6 75 52 52
  6 52 52 52 52 52 75 75 52 -1 52 52 75 52 52 -1  6 52 52 52 52 52 -1  6
 52 -1 52 52 52 52 52 52 52 52 52 52 52 52  6 52 52 52 52 52 75 52 75 75
 52 52 52 52]
predc: [[ 79  52  47  67  57 132 145]
 [ 83  51  38  15  73  30 122]
 [131   8  94   2  93  47  52]
 [ 52 100 146  79 131  47  57]
 [  6   9  84   8 127  22   1]
 [  8  47   0 131 130  42  94]
 [  2   8   0   1 131 146 100]
 [ 52  79  47 131  57 146  55]
 [131  47  52  67  79 145 146]
 [ 47 131  52  79 145  67  93]
 [  0   8   2   1  75 146   9]
 [131  47  52  42  79  93 146]
 [ 73 151  76 117  39  74   6]
 [ 52 146 131   1  47 100   8]
 [  0   8   2   1  75 146 131]
 [ 52 146  79 131  47 145  99]
 [131  52  47  93  67  79  94]
 [  0  94   2   8  69  93 131]
 [131  93  47  52  94   8  79]
 [ 47  52 131  79  67 130  42]
 [ 71   6  84 116 127 103  22]
 [  0  89   8  75  28 153   2]
 [ 79  52  47  67 132  57  55]
 [131  47  52  67  79 145  93]
 [ 12  83 122  38   6 115  76]
 [ 52 100  79 146  47 131  57]
 [ 52 100 146 131  79  57  47]
 [131  47  52  67  79 145 146]
 [131  47  52  67  79 145 146]
 [131  42  47  52 146   2  94]
 [  8   2   0   1  75 146 131]
 [  8  89   0   2  75  28 153]
 [ 47  79  52  67 131  57 130]
 [  8  47   0 131 130  42  79]
 [ 52 131 146  47 100 145  79]
 [ 47  79  52  67 131  57 145]
 [  8   2   0   1  75 146 131]
 [ 79  52  47  67  57 132 145]
 [ 52  47  79 131 146  67 145]
 [  8   0  47 129 131 130  94]
 [  6  71  84 116 127 103  66]
 [ 52 131 146 100  47   1   8]
 [  8  69  94   2 146   0  42]
 [ 52 146 131   8  47   1 100]
 [ 51  39  28 146  73 156 110]
 [ 52 146   8 131 100  47   1]
 [110 105 107 106   8 151  28]
 [ 76  73 151  39 117   6 136]
 [131  52  47  67 146  79  93]
 [  8   0  47 131   1 130  42]
 [  0   8   2  94   9  75  68]
 [  2 131  42  69  94   8  47]
 [ 52 131  47  79 146 145  67]
 [131  47  52 100 146  93  67]
 [ 52 100  79 146 131  57  47]
 [ 52  79  47  57 146 100 132]
 [131  47  52  42  79 146  93]
 [  0   2   8   9  94  75  69]
 [131  93  94  52  47   8  42]
 [131  47  52  67  79 145  42]
 [ 52 100  79 146  57 131  47]
 [ 79  47  52  67 131  57 145]
 [  6  71  84 116 127 103  22]
 [ 47  79  52 131  67  57 145]
 [131  47  52  42  79 130  93]
 [ 51  73  39  28  85 146 117]
 [131  47  52  79  42  93  67]
 [131  47  52  42  79 130  67]
 [  8   0  75   2  89  25  28]
 [131  42  47  52   2  94   8]
 [  0   2   8   1  75 146 131]
 [  0   8   2   1  75 146  69]
 [131  47  52  42  79 130  93]
 [131  47  52  42  79  93 130]
 [131  52  47  79  67 146  93]
 [ 52 131  79  47  57 100  93]]
