label: [63 -1 -1 44 -1 -1 44  1 44 -1 -1 44 68 44 44 44 -1 -1 -1 44 -1 44 44  4
  3 44 44 -1 44 44 44 -1 44 44 31 44 -1  1 -1 44 44  4 44 -1 27 -1 -1 44
 -1 83  6 -1 -1 81 -1 44 -1 -1 44 63 63 -1 -1 -1 44 44 44 44 44 -1 44 44
  1 44 -1 -1 -1 -1 -1 -1 -1 -1 44 63 -1 44 44 44 -1]
predc: [[ 63  58   4   0 182  16   1]
 [ 92  27  18  21   4 171   9]
 [  4   8  58  28  54  26  47]
 [ 44  55  58  90  18  63   7]
 [ 87   4 179  16  65  14  33]
 [159 137  67  48  47 111 176]
 [ 44  55 182  58  18   0  63]
 [  1 162   4 178  23  65 179]
 [ 44  55 182  58   1   0  63]
 [  2  46   6  67 138 161  47]
 [ 55  41 182  92   6 143 104]
 [ 44  55 182  58  63   1  18]
 [106 151 133 110  85  82  89]
 [ 44  55 182  58   0   1  18]
 [ 44  55  58   1 182 116  63]
 [ 44  55 182  58  63   0   1]
 [ 67 184  81 128 135   7   6]
 [  4  58 162  85 126 110  14]
 [ 91   6  18 156   2  58  71]
 [ 82  44  85   7  90 114 110]
 [ 16 164  18 173  30 178 158]
 [ 44  55 182  58  63   1   0]
 [ 44  55  18  58  63  90  17]
 [  4  85  14  71  31  96  70]
 [  3  70  81  95  96 135  19]
 [ 44 182  55  58   1  63  18]
 [ 44  55  58 182  18  63 116]
 [  4   8  58  90 180  29  85]
 [ 44  55  58   1 182  63 116]
 [ 44  55 182  58  63   0  18]
 [ 44  55 182  58  63   0   1]
 [ 16 163   5   2  61  71  13]
 [ 44  55  58  63 182   0   1]
 [ 44  18  55  58  90 116  63]
 [ 65 179  86  49 116   6 174]
 [ 44  55  58   1 182  63 116]
 [159  64 176  93 128 111   5]
 [  1  25  44   4  26 180  90]
 [ 44  90  26   8  28 180 140]
 [ 44  55 182  58  63   1   0]
 [ 44  55 182  58  63   1   0]
 [  4  85  14  31  95  70  96]
 [ 44 128  67  31 184  76  18]
 [173  89 109  65   7  56 134]
 [  6  81  27  67 128  31  83]
 [176  71   2 161 144   5   1]
 [  2   6  18  91  46  67  47]
 [ 44  55  18  58  90  63  17]
 [ 16 163   5   2  61  13  63]
 [ 83  35 130  89 103  82 115]
 [  6 161 156  91  71 182  13]
 [ 16 163   5   2  13  61  71]
 [ 92  27   6  18   9   4  91]
 [ 81  83 173  67  87   6  71]
 [  6  91   5  13  18 113 116]
 [ 44  55 182  58  63  18   0]
 [  5  71 176   2  91  13  34]
 [128  76  95  81  84  31  68]
 [ 44  55 182  58  63   0   1]
 [ 63   4 163  16  58  44   1]
 [ 63   4  16  44  58 163   1]
 [148  40 141  34 131  72 180]
 [ 83 148 138  39 135 178  81]
 [ 16 173  87  50 133   7 178]
 [ 44  55 182  58  63  18   1]
 [ 44  55 182  58  63   0  18]
 [ 44  55  58 182  18   0  63]
 [ 44  55 182  58   1  63  18]
 [ 44  55 182  58  63   1  18]
 [  4  58  85 110 133  56 179]
 [ 44  55 182  58  63  18   0]
 [ 44 182  55   1  63  58   0]
 [  1 133 114  85  82  56  90]
 [ 44 115  55  90  41   0  35]
 [173  89  56  18  87  65 134]
 [162   4 179  14 134 158  18]
 [135 184  67 148  81  76  68]
 [ 92  27   6   9  18  91   4]
 [  6  91  18 116  13 156   5]
 [ 31  44 100  69 116  78 153]
 [ 16 163   5   2  13  61  71]
 [ 87  16 106 133  56   4 110]
 [ 44  55 182  58  63  18   1]
 [ 63   4  16 163  44   0   1]
 [  4  28  58  18  14  10  45]
 [ 44  55 182  58  63  18   1]
 [ 44  55 182  58   0   1  63]
 [ 44  55  63 182  18  58   0]
 [ 65 179 162  86  33   6  56]]
