label: [14 57 14 14 14 14 13 14 14 13 13 57 14 14 14 14 63 60 14 14 14 14 14 13
 14 13 14 14 -1 63 57 14 14 14 14 14 14 14 14 14 63 14 13 61 57 14 14 14
 14 14 14 14 14 14 14 14 13 14 13 14 13 14 57 14 57 14 14 14 13 14 14 14
 14 14 14 14 14 14 -1 14 14 13 64 14 14 -1 14 13 14 57 14 14 14 14 14 13
 13 57 14 14]
predc: [[ 14   1  44  48   0  85   4]
 [ 57   2   4  34 101  38   7]
 [ 14  85  13   1  48   0  44]
 [ 14  44   1  48  85   0  13]
 [ 14  85  44   1  48   0   4]
 [ 14   1  44  48  85   0  46]
 [  3  13  14  37  54   9  12]
 [  2  14   1   4  44  29  37]
 [ 14   1  44   0  48  13   2]
 [ 79  13  48   9  10  39   0]
 [ 79   9  10  13  48  32  94]
 [ 57   2   4  37  73  44  74]
 [ 14   1  85  48  46   0  26]
 [ 14  44  48  85   0   1  13]
 [ 14   1  44  48  85  13   0]
 [ 14  44  48  85   1  13   0]
 [ 74   3  37   4  73  63  81]
 [  4  37   2   1  57  29  63]
 [ 13  14  85  48  26  79  39]
 [ 14  44   1  48  85   0   4]
 [ 14  44   1  48  85   0  13]
 [ 14  85   1  44  13  48   0]
 [ 14  13  85  48   0  44  12]
 [  3  13  14  37  54  12   9]
 [ 14  44   1   2   0  85  48]
 [ 13  79  48   0   9  39  10]
 [ 44  14  48  13  85   0   1]
 [ 14  13  85   0   1  48  12]
 [  0  62  96  47  85  44  29]
 [ 75  63  78  74  71  37  49]
 [ 57   2   4  75  67  59  44]
 [ 14  85  44  13   0   2   1]
 [ 14   1  48  44   0  85  46]
 [ 14  44   2   1   4  85   0]
 [ 14  13  44  48  85   2   0]
 [ 14  44   1  48  85   0  13]
 [ 14   1  44  85  48   0  13]
 [ 14   1  44  48   0   2  85]
 [ 14  44   1  48  85   0   2]
 [ 14   1  44  48   0  85   4]
 [ 38   7  63  35  81   4   6]
 [ 14  44   1   2  48  85   4]
 [ 13  79  48   0   9  39  10]
 [ 75  78   3  58  65  72  74]
 [ 57   2   4  44  67  59  14]
 [ 44  14  85  48   0  62   1]
 [ 14  85   1  13  44  12  26]
 [ 14  44   1  48   0  13  85]
 [ 14   1  44   0   2  48  85]
 [ 14  44   2  85   1  29  48]
 [ 14  44   1   2  85  48   0]
 [ 14   1  48  44   0  85   4]
 [ 14  44   1  85  48   0   4]
 [ 14   1  44  48  85   0   4]
 [ 44  85  14  48  13   0  62]
 [ 14  44   1   2  48   0  85]
 [ 13  79  48   0  39   9  85]
 [ 14  44   1  85  48   0   4]
 [ 13  79  48   0   9  39  10]
 [ 14  85  44  13  12   2   0]
 [ 13  79  48   9  10  39   0]
 [ 14  44  13  48  85   0   1]
 [ 57   2   4 101  34  44  38]
 [ 14  44  48   1   0  13  85]
 [ 57   2   4  44  14  29  85]
 [ 14   1  44   0   2  48  13]
 [ 14  13  44  48  85   0  12]
 [ 14   1  44  48   4   0  85]
 [ 13  79  48   9  39   0  10]
 [ 14  44  85   1  48   2   4]
 [ 14  44   1   2  48   4   0]
 [ 14   1  44   0  48  46  85]
 [ 14   1  44   2   0  13  48]
 [ 14  44   1  48  85   0   2]
 [ 14  13  44  48  85   0  12]
 [ 14  13  44  85   2  29  12]
 [ 14  48  44   1  85  13   0]
 [ 14  44   1  48  85   2   0]
 [  4  12   1  38  91  50  21]
 [ 14   1  44  48   0  85  13]
 [ 14   1   2  44   0  48  85]
 [ 79  13  48  10   9  39   0]
 [ 37   2  64  75  63  77   1]
 [ 14   1  85  44  13   2   0]
 [ 14  44   2   1   4  85  48]
 [  0  47  96  62  45  44  32]
 [ 14   1  85  44   0  12   2]
 [  3  13  14  37  12   2  54]
 [  2  14   1   4  44  29  85]
 [ 57   2  44   4  67  59  64]
 [ 14  85   2  13   1  44  12]
 [ 14  44   1  85  48   0   4]
 [ 14   1  44  48   0  85  46]
 [ 14  85   2  44   1  13  12]
 [ 14   1   0  44  48  13  85]
 [ 13  79  85   9  48  39   0]
 [ 79  13  48  10   9  39   0]
 [ 57   2   4  59  44  67   6]
 [ 14  44   2   1  48  85   4]
 [ 14  13  85  12   0  44   1]]
label: [14 14 14 14 13 14 65 14 14 13 14 67 14 14 64 14 14 14 14 14 14 14 14 14
 65 13 59 57 14 57 13 57 14 14 13 14 13 14 14 13 13 14 14 13 67 14 14 14
 14 14 14 14 13 14 13 59 13 14 14 14 60 14 14 14 14 13 14 14 14 14 14 14
 14 13 14 13 14 63 14 57 14 14 14 14 14 14 14 14 14 14 57 13 58 13 57 63
 14 60 14 14]
predc: [[ 14   1   2   4  44  85  48]
 [ 13  14  48  44  85  79   0]
 [ 14  48  85  44  13   0   1]
 [ 14   1  85  48  13  44  12]
 [  9  10  98  79  18  94  32]
 [ 14  44   1  48   2  85   0]
 [ 73  72   3  37  74  65  64]
 [ 14   1  44  48  85   0  13]
 [ 14   1  44   0  48   2  85]
 [  3  14  13  37   9  12   1]
 [ 14   1  44   0  48  85  13]
 [ 72   2  14  37  17  67   4]
 [ 14  13  48  44  85   0  12]
 [ 14  44   1  48  85   0  13]
 [ 38   7  37  91  21   6  77]
 [ 14   2  85  13  29  44  12]
 [ 14  44   1  48  85   0   2]
 [ 14  85   2   1  44  13  12]
 [ 14   1   0  48  44  13  85]
 [ 14   1   0  44  48   2  85]
 [ 14  44   1  48  85   0   2]
 [ 14   4  85  26  44   1  46]
 [ 14   1   0  44   2  48  13]
 [ 44  14  85  13  48   0  62]
 [ 73  65  66   3  49  69  74]
 [ 79  13  48   9  10  39  94]
 [  2  57  29  59  75  37  44]
 [ 57   2  75  59  67   4  78]
 [ 14  44  48  85  13   1   0]
 [ 57   2   4  67  44  59  29]
 [ 79  10   9  13  48  32  98]
 [ 57   2   4  44  67  59  14]
 [ 14   1   0  44  48   2  85]
 [ 14  44   2   1  85   0  48]
 [ 13   3  14  37  12   9   2]
 [ 14  13  85   1   0  44  12]
 [ 79  13  48  10   9  39   0]
 [ 44  14  85  48   0  13   1]
 [ 14   1  44  48   2   0   4]
 [ 79  13  48  10   9  39  94]
 [ 13  79  48   0  39  10   9]
 [ 14  44   1   2  48  85   0]
 [ 44  14  48  85  13   0  62]
 [ 79  13  48  10   9  39   0]
 [ 67   2  75   4  78  49  57]
 [ 14  85   1  44   2   4   0]
 [ 14   1  85  44   2  12   4]
 [ 14  13  85  48   0   1  12]
 [ 14   1  44   0  48  85   4]
 [ 14   1   0  44  48  46  85]
 [ 14  44   1  48  85   0   2]
 [ 14   1  44  48  85   4   0]
 [ 79  13  48   9  10  39   0]
 [ 14  44   1   2  48   0  85]
 [ 79  13  48   9  10   0  39]
 [  2  57 101  34  59  91  21]
 [ 79  13  48   9  10  39   0]
 [ 14  44   1  85  48   0   2]
 [ 14  44   1   2  85  48   0]
 [ 14   1  44   0  48  85   2]
 [ 63  64   4  81  37  53  75]
 [ 14   1  85  13  12  26   0]
 [ 14   2  85   1  44   4  12]
 [ 14  44   2   1  85  48   0]
 [ 14  44   1  48  85   0  13]
 [ 79  13  48   9  10  39   0]
 [ 14   2   1  44  85  13  12]
 [ 14  85  13   1   0  26  48]
 [ 44  14  85  48  13  45   0]
 [ 14   1  44  48   0  85  13]
 [ 14  44  48  85   1   0  13]
 [ 14   1  44   0  48  85   4]
 [ 14  44   1   2  85  48   0]
 [  3  14  13  37  12   1  54]
 [ 14   1  44   0   2  48  85]
 [  3  13  14   9  37   1  12]
 [ 14   1  44  48   0  85  46]
 [ 74  37   4  53   3  63  24]
 [ 14  44  48   1   2  85   0]
 [ 57   2   4  67  59  44   6]
 [ 14   1  44   0  48  85   4]
 [ 14  44  48  85  13   0  62]
 [ 14   1  44   2  85  48   0]
 [ 14  13  85   1  44   0  48]
 [ 14   1  44  48   0  85   4]
 [ 14  44  85   1   4  48  26]
 [ 14   1  44   0   2  48  13]
 [ 14   1  44   2   0  48  29]
 [ 14  44  48   2  85   1  13]
 [ 14  44  48   1  13  85   2]
 [ 57   2  75  78  59   4  67]
 [ 79  13  48  10  39   9   0]
 [ 38   7  97  35   5  21  99]
 [  3  13  14  37   9   1  54]
 [ 57  75   2   4  49  67  59]
 [ 74   3  37  73   4   6  63]
 [ 14   1  44   0  48  85  46]
 [ 75  63  49  57  78   4  67]
 [ 14   1  44   0  48  85  13]
 [ 14  13  44  85  48   2   0]]
label: [14 14 14 14 14 14 14 14 13 14 59 14 14 58]
predc: [[44 14 85 48 62  0 45]
 [14  1 44 48  0  4 85]
 [14  1 44 85 48  0  4]
 [14 44  1 48 85  0  2]
 [14 85 44 13  0 48  2]
 [14 44  1 48  2 85  0]
 [14 44  1  2 85 48  0]
 [14 44  1  2 13 29 85]
 [13 79 48 10 39  9  0]
 [14 44  1  2 48 85  0]
 [75  2 59 57 49 78 67]
 [13 14 48 85 79 12 26]
 [14 44  1 48 85  2  0]
 [ 3 74 73 72 37 17 69]]
