label: [426  -1 426 426 426   8 426  -1 426   8 426   8  -1 426 426 426 426 426
   3 426 426 426 426 426 426 426  -1  -1   8 426 426 426 426 426 426  -1
 426  -1 436  -1  -1  30 426  -1  -1  30 426 426 426   8 232 426  10 426
   8 426 426 426 426  30   2 426  -1  -1 426 190 426 426 426 426 426  11
 426 426   8 196 196 426 426 426 426  -1 426 426  -1 426   1 426 426  -1
 426  -1   8  -1 426 426 426 426 190  -1]
predc: [[ 42 426 503 486 110  12  19]
 [  5 863  18  75 193 845   3]
 [ 42 426 503 486  12 110 141]
 [426  42 503 486 110  19 472]
 [ 42 426 503  12 472 141  19]
 [  8 154 654  32 644 727  30]
 [503  42 426  12 141 110 472]
 [  5 863  18  75 193 457 252]
 [503  42 426  12 141 110 472]
 [  8   0   2 728 477 144  52]
 [ 42 426 503  12 486 110  19]
 [  8 477   0 154   2 118 141]
 [190 300 309 187 436 655 584]
 [ 42 503 426 486  12 110 472]
 [ 42 426 503 486 110  19 141]
 [ 42 426 503 110 486  12 436]
 [ 42 426 503 486 110  19  12]
 [ 42 426 503 486  12 110  19]
 [  3  18 193 440 737 118   5]
 [ 42 426 503 486 110  19  12]
 [ 42 426 503 486  12 110  19]
 [503  42 426  12 141 110 486]
 [ 42 426 503 486  12 110  19]
 [ 42 426 503 486  12 110 472]
 [503  42 426 141 110  12 486]
 [503  42 426 141 110  12 472]
 [  5 380 379 664  67 368 226]
 [  5 863  18  11 845  75   0]
 [  8 112 742 422  30 477  10]
 [426  42 503 486 110  19  12]
 [ 42 503 426  12 486 110  19]
 [ 42 426 503 486  12 110  19]
 [ 42 426 503 486 110  19 472]
 [ 42 426 503  12 486 472  19]
 [ 42 426 503 486  12 110  19]
 [  5 863  18  75   3 141 193]
 [ 42 426 503 486 110  12  19]
 [  5 904 863 761 387 679 547]
 [436   1 472  18 406 413 223]
 [  5 863  18  75   3   0 845]
 [  5  67 417 863 120  75 228]
 [ 30   3 440  10 120   8 118]
 [ 42 426 503 486 110  12  19]
 [  5 863  75 845  18 681  82]
 [  5 863  18  75   3 141 193]
 [ 30 440   3  10 120   8 118]
 [503  42 426  12 141 110 472]
 [ 42 426 503  12 486  19 110]
 [ 42 426 503 110 486  12 472]
 [  8 154 477   0 141   2 118]
 [232 159 110  93 728 423 487]
 [ 42 426 503 486 110  19 141]
 [ 10  30 890 508 120 143 141]
 [ 42 426 503  12 486 110  19]
 [  8 755  30 154 727  32  10]
 [ 42 426 503 486 110  19  12]
 [ 42 503 426 486  12 110 141]
 [ 42 426 503 486  12 110  19]
 [ 42 426 503 486  12 110  19]
 [ 30   3  10 440 120   8 118]
 [  2 824 101   8 432 154 285]
 [ 42 426 503 486  12 110  19]
 [  5 863  18  75 193 845 228]
 [  5 863   0  18   3 141 137]
 [ 42 426 503 486 110  12  19]
 [190 309 223 472 436  71 203]
 [ 42 426 503 486 110  12 472]
 [ 42 426 503 486  12 110  19]
 [ 42 426 503  12 472  19 486]
 [ 42 426 503 486 110  19  12]
 [ 42 426 503 486  19 110  12]
 [ 11 115  46 256 126 130 223]
 [ 42 426 503 486  12 110  19]
 [ 42 426 503 486 110  12  19]
 [  8 154 141   2 477 118  10]
 [682 256 182  11 115 708  85]
 [ 11 256 682 115 708 192 182]
 [ 42 503 426 486  12 110 472]
 [ 42 426 503 486  12 110 472]
 [503 426  42 486 110 472  19]
 [ 42 426 503 486 110  12  19]
 [  5 863  18   0 141   3  75]
 [ 42 426 503 486  19 110  12]
 [ 42 426 503 486 110  12 472]
 [  5 863  75 845  18 120  11]
 [ 42 426 503 486 110  12  19]
 [  1 472 436 802 126 743  42]
 [ 42 426 503 486  12 110  19]
 [ 42 426 503  12 486  19 472]
 [  5 863  18   3   0 141 845]
 [ 42 503 426  12 486  19 472]
 [  5 863  18  75  11 845   0]
 [  8 154 141   2 477 118  10]
 [  5 863  18   3 141  75   0]
 [ 42 503  12 426 472 141 110]
 [ 42 426 503 486 110  12  19]
 [ 42 426 503  12 486 110 472]
 [ 42 426 503 486  12  19 110]
 [190 203 309  71 215  86 223]
 [  5 863  18   0  75 845 141]]
label: [190   8 426 426 426   8 426  -1  -1 426 190   2 426  -1 436 190  11 426
 426 190 426  46  -1  -1 426 426 190 426   8 426   8  -1   8  -1 426 426
  -1  46  30 426 426  -1 426 426   8 426 426 426 190 426   8  -1 426 426
 196 426 426  11 426   8  30 426 190  -1 426  -1 426 426 426  -1 426 426
 426 190 426 426 426  30 190  30 426 426 426 426  -1 436 426   8 190]
predc: [[190  71 309 203 436 472 223]
 [  8 112  30 727 903  22 469]
 [ 42 426 503 486  12 110  19]
 [ 42 426 503 486 110  12  19]
 [426  42 503 486 110  19 472]
 [  8 112 727  30 183  10 755]
 [ 42 426 503 486 110  19  12]
 [  5 863  18   3 845  75 141]
 [515 334 105 844 301 442  25]
 [ 42 426 503 486  12 110  19]
 [190 309 203 223  71 472 436]
 [  2 285   8 112 189 147 154]
 [ 42 426 503 486 110  12  19]
 [  5 863  18  75   3 141 845]
 [436   1 472  18 413 406 223]
 [190 309 223 203 436 472  71]
 [ 11 115 256  46 682 130 472]
 [ 42 426 503 486  12 110  19]
 [ 42 426 503 486 110  19  12]
 [190 203 309  71 215  86 162]
 [ 42 426 503 486 110  12  19]
 [ 46 115  11 118  27   0 369]
 [  5 681 658 863 228 844 636]
 [  5 863  18  75 193 228 845]
 [ 42 426 503 486  12 110  19]
 [ 42 426 503  12 486 110 472]
 [190  71 223 203 215 472 309]
 [503  42 426  12 141 110 472]
 [  8 154 118 144 141 477   2]
 [ 42 503 426  12 486 110 472]
 [  8   0 154   2 477 118 141]
 [  5 863  18   3 141  75 845]
 [  8 477 154 118   2  52 141]
 [  5 863  18  75  11 845 261]
 [ 42 426 503 486 110  12  19]
 [ 42 503 426 486  12 110 472]
 [  5   0  12  18 863  11 141]
 [ 46 115  11  27 118 256   8]
 [ 30   3 440 120  10   8 118]
 [ 42 426 503  12 486  19 110]
 [ 42 426 503  12 472 486  19]
 [  5 863  75 203  82  18 228]
 [426  42 503 486 110  19 472]
 [426  42 503 486 110  12  19]
 [  8 154 755   2 727  10  30]
 [ 42 426 503 486  12 110 472]
 [ 42 426 503 486 110  19  12]
 [ 42 426 503 486  12 110  19]
 [190 203 309  71 215  86 223]
 [503  42 426  12 141 110 472]
 [  8   0 154   2 118 477 141]
 [  5 863  18   3   0 845 141]
 [ 42 426 503 486  12 110  19]
 [ 42 503 426  12 486  19 110]
 [ 11 256 682 115 708 182 192]
 [ 42 426 503 486 110  12 472]
 [ 42 503 426  12 486 110 472]
 [ 11 115  46 256 126 130 223]
 [503  42 426  12 141 110 472]
 [  8   0   2 477 154 141 118]
 [ 30 440 120   3  10  86 487]
 [503  42 426 486  12 110 472]
 [190 309 203 223 436 472  71]
 [  5   0 141 863 681  18  12]
 [ 42 426 503  12 486 472  19]
 [  5 863  18  75 845   3 193]
 [ 42 426 503 486 110  19  12]
 [503  42 426 141 110  12 486]
 [ 42 503 426 486  19 110  12]
 [  5 863  18  75 193 141 845]
 [ 42 503 426  12 486 110  19]
 [503  42 426 141  12 110 486]
 [ 42 426 503 486 110  12  19]
 [190  71 203 223 472 215 309]
 [ 42 426 503  12 486  19 110]
 [426  42 503 486 110  19  12]
 [ 42 426 503 486  12 110  19]
 [ 30   3 440  10 120   8 118]
 [190 203  71 309 215  86 223]
 [ 30   3 440  10 120   8 118]
 [ 42 426 503 486  12 110 472]
 [426  42 503 486 110  19 141]
 [ 42 426 503 486  12 110 472]
 [ 42 426 503 486  12 110  19]
 [  5 863  18 141   0  75   3]
 [436   1 472  18 413 406 223]
 [ 42 426 503 486 110  19  12]
 [  8   0   2 154 477 118 141]
 [190 203  71 215 309  86 223]]
