label: [  -1  127  127   -1   -1  127  127 1719   -1  127  127   -1   -1  127
  127   -1  962   -1   -1  127   -1  127   63  127  127   -1  127  127
  210  127  127   -1  127  127  962    4  127   -1  127   -1   -1  127
 1073  127   -1  127   10   12   63    4  127   -1   63  127  127  127
  127  127   -1  127  127  127   -1  127  335  127  127  127   -1  127
  127  962  127  127   63  127  127   -1  127  127  127   -1   -1  127
   -1   -1   63  127  127   63   63  127    0   -1  127   63  127  127
  127  127]
predc: [[ 266 1383 1701   31  523  289  995]
 [ 127    2  621 1309   38  241    1]
 [ 127 1309    2    1 1651 1237  715]
 [  14  304  135 1273 1354   37 1358]
 [  17  363  971  531 1098 1309  737]
 [ 127    2  621  241 1237    1  220]
 [ 127    2 1237  241  621  803    1]
 [1706 1719  913  482  499 1549  622]
 [  17 1546 1098  979   42  531 1260]
 [ 127    2    1  621   10 1237  241]
 [ 127    1    2   10  241  621 1309]
 [ 304  118  241 1326  363 1245 1775]
 [ 403   14  304  376 1225   37  373]
 [ 127  621    2    1 1237  158 1309]
 [ 127    2    1  621  241    0 1309]
 [  17    0  363  531  971 1098  815]
 [  96  266 1169 1473 1653 1143 1255]
 [ 304  828  382   71  363 1784  133]
 [  17 1354 1734 1011 1390 1239  531]
 [ 127    2  621  241  803 1309 1237]
 [  39  216 1459  336  894   58 1354]
 [ 127    2  241  621    1 1325 1237]
 [  63  734    2  180  135  710  136]
 [ 127    1 1237  241    2  621  803]
 [ 127    2  621    1    0  241 1237]
 [  17    0  531   18  971    1  363]
 [ 127    1  621    2 1237  241 1309]
 [ 127    2    1  241 1237  621    0]
 [1325 1316 1402  210 1150 1840 1165]
 [ 127    2  621  241    1 1325 1237]
 [ 127    2  621    1 1237  241   10]
 [  17  531 1239 1098   42 1735 1354]
 [ 127    1    2  647 1325 1309 1241]
 [ 127    2    1  621  241 1309  803]
 [ 382  962   74  744   18  917  304]
 [   4    6 1106  426 1559  744   37]
 [ 127    2  241  621    1 1237   10]
 [ 304   14   37   41 1273 1354 1279]
 [ 127    2    1  621   10  241  198]
 [  17  531 1390 1239 1098  971  934]
 [  17  531 1098  971 1074  363  640]
 [ 127    2    1  621  241 1237   10]
 [1186  862 1473 1711 1325 1315  116]
 [ 127    1    2  621  241   10 1325]
 [ 336 1487 1301   39  216 1354  446]
 [ 127    1    2  647  621 1309 1325]
 [  10   38  734  419 1106  647  544]
 [  12  927 1383 1329  259  829   18]
 [  63  734    2  180  136  135    1]
 [   4  136    6   10  240 1152 1025]
 [ 127    2  241 1651 1325 1309    1]
 [ 945  363   17   64  971 1239  412]
 [  63  734    2  180  136  135  220]
 [ 127    2  621 1237    1  241 1325]
 [ 127    1  621    2 1237  241  158]
 [ 127    1  621 1237  241    2  158]
 [ 127    2   10 1309    1  136  621]
 [ 127    2    1   10  621 1237  241]
 [  17    0    1  971  363   18  531]
 [ 127    1   10    2  621  135   38]
 [ 127    2    1  621 1237  241 1309]
 [ 127    2  621    1  241 1237 1325]
 [  17 1354  531  551   42  249 1239]
 [ 127    2    1 1309  621 1237  710]
 [ 335   12  303 1815  259  159 1573]
 [ 127    2  621    1  241 1237   10]
 [ 127    2    1  621   10 1309   63]
 [ 127    2    1  621  241 1237 1325]
 [ 216 1539  894 1023   39 1538 1354]
 [ 127    2    1  621  241 1237 1325]
 [ 127    2    1  621 1237 1309  241]
 [ 382  744  962 1796 1025 1049  128]
 [ 127    2    1  647 1325 1309 1241]
 [ 127    1  621  241    2 1237 1309]
 [  63  734  180    2  136  135  710]
 [ 127    1    2 1237  621  241  158]
 [ 127    1    2  621 1237  241  158]
 [  17  363  971  412    0  531   42]
 [ 127    2 1309  715    1  198 1651]
 [ 127  135  621    2    1  241 1237]
 [ 127    2    1  621  241 1237 1309]
 [  17  363  971    0   18   42  412]
 [ 266 1383  523   79   31  289  340]
 [ 127    1    2   10 1237  241  621]
 [ 605  304  118 1833  779 1326 1245]
 [  39  216 1023 1113  336 1025   18]
 [  63  734  180    2  136    1  220]
 [ 127    2    1  621  241 1237 1651]
 [ 127    2  241 1651  158    1    3]
 [  63  734  180    2    1  135  136]
 [  63  734  180    2    1  136  135]
 [ 127    2    1  621 1237 1309  158]
 [   0   42  630  346  829  159  127]
 [  17  531    0   18    1  971  815]
 [ 127    1    2 1309   18 1237  647]
 [  63    1   10  734  180   37  135]
 [ 127    2    1 1309   63  346  135]
 [ 127    2  621    1 1237  241 1325]
 [ 127    2  647    1 1309 1325 1237]
 [ 127    2    1 1237  621  241 1309]]
label: [127  18  18  63 127  -1 127 127  63  10  18 127 127 127 127  63  18 127
 127   3 127 127 127 127 127  -1 127 962  -1  63   3 827 127  10  -1  63
 127   3  63  -1 127 127 127  -1 127 127 127  -1  -1  -1 127  63  18 335
 127 127 127 127  63 127  -1 127  12 127 127  -1 127  -1  -1 127 127 127
  12 127   3  -1 127  -1  -1 962 127 127  -1 127  -1 127  -1 127  63 127
 127 127 127  10  -1 127  -1  63 127 127]
predc: [[ 127    2    1  621   63 1309   10]
 [  18   64   12 1354  426 1459   39]
 [  18   12    2   64  426   39  135]
 [  63  734    2  180    1  135  136]
 [ 127    1    2 1237  241  621 1309]
 [ 593  552  723  323  395   43  184]
 [ 127    2  241  621 1325  803 1651]
 [ 127    2    1  621 1325 1237  803]
 [  63  136    3  531   98  734  419]
 [  10 1106   38  734   63  285   40]
 [  18   12  426 1354   39 1413   64]
 [ 127    2    1  621  241 1237 1325]
 [ 127    2    1 1325  647 1309  136]
 [ 127    2  621    1 1237 1309  241]
 [ 127    2  621   10    1  241 1237]
 [  63  734  180    2  136    1  135]
 [  18   12  426 1354   64   39 1487]
 [ 127  621    1 1237    2  241  158]
 [ 127    1    2   10  621  135 1309]
 [   3   63  180 1025 1216  168 1383]
 [ 127    1    2  621  241 1237 1651]
 [ 127 1309    2  237  621 1118  663]
 [ 127    2    1  621  241 1237 1309]
 [ 127    2   10 1309 1118 1102    1]
 [ 127    1    2 1237  621  241 1309]
 [  17  971 1098  531  582 1239 1354]
 [ 127    1  621    2   10 1237  241]
 [ 266   96 1653 1255  647 1169  593]
 [  17  531 1239 1735 1098 1390   42]
 [  63  734    2  180  135  136    1]
 [   3 1150   63 1216 1238 1025    5]
 [ 827  615  743  484 1080  167  910]
 [ 127    2 1102 1309 1118  671   10]
 [  10   38   63 1089 1106  729  647]
 [  17    0  971  363   18  531    1]
 [  63  734  180    2  135  710  136]
 [ 127    1   10  135  511    3    2]
 [   3   98 1216  671 1025   63  294]
 [  63  734  180    2  136  135    1]
 [ 403   37   14  304  373  376  900]
 [ 127    1    2  241 1237  621 1309]
 [ 127    2    1  621 1237  241 1309]
 [ 127  621    2 1237    1  241 1309]
 [  39  336  216 1487 1301 1023 1025]
 [ 127    2    1  621  241   10 1309]
 [ 127    2    1  621 1325    0  241]
 [ 127    2  621    1  241 1237  803]
 [  17    0    1  971  531   18   42]
 [1733  612  126 1770  214 1418  890]
 [  18  336 1025   39 1539  216 1597]
 [ 127    2  621    1 1237 1309  241]
 [  63  734  180    2    1  135   10]
 [  18   12    2  426   39   64   17]
 [ 273  121   12  303 1323  801 1076]
 [ 127    2  241  803 1237  621 1309]
 [ 127    2  621    1  241 1309 1237]
 [ 127    2  621  241  803 1309 1237]
 [ 127    1    2 1237  621  241 1309]
 [  63  734  180    2  136  135    1]
 [ 127    1    2   10  146  135  621]
 [  17    0  531  971  363   18  815]
 [ 127    2  621    1 1237 1309  241]
 [  12  259   18    1  647 1245   14]
 [ 127    2    1  241  621 1237 1309]
 [ 127    2    1 1237  621  241 1309]
 [1487   39  336   18 1301 1327 1354]
 [ 127    2    1  621  241 1237 1309]
 [ 577 1137 1354  867   37 1735   14]
 [  17  971  363    0  531 1098   42]
 [ 127    1    2 1325  647 1309  621]
 [ 127    2  621 1309 1237    1  803]
 [ 127    2    1  621 1237  241 1309]
 [  12 1301  289  401    1 1730    2]
 [ 127 1309    2    1  647 1237  829]
 [   3   63  168 1025  180 1474  647]
 [ 336   39   18 1487 1025 1327 1539]
 [ 127    2    1  621   63 1325   10]
 [  17  531   42  971 1239 1735  607]
 [  39  216   18 1413  886  336 1025]
 [  18    6   12 1144 1074 1269  266]
 [ 127    2   10    1   63    3 1325]
 [ 127    2  621    1 1237  241  158]
 [ 304   14 1354   41  558  376  135]
 [ 127    2    1  621  241 1237 1309]
 [  17  531 1658 1579 1098  540 1354]
 [ 127    2    1  621 1237 1309  241]
 [  17 1735 1239 1098  531 1390 1579]
 [ 127    2  621 1237  241  803 1309]
 [  63    2    1  180  734  135    3]
 [ 127 1237    1    2  621 1309  158]
 [ 127    2  621  241 1237    1 1325]
 [ 127  621    1    2 1237  241  158]
 [ 127    2    1  621 1237 1309  241]
 [  10 1106 1089   38   63  734  647]
 [  52 1328  149   94  979 1610 1845]
 [ 127    2    1  241 1309  621 1651]
 [  17    0  531  971   18  815  363]
 [  63  734    2  180  135  710  803]
 [ 127    2 1309  829   10   63   18]
 [ 127    1    2  621 1237  241  135]]
label: [127 127 127 127  -1  -1 127  63  -1  10  63 127  18  -1 962 127 127  63
 127  -1  18  63 127  -1 127 127  63  63  -1 127 127  -1  10 127  -1 127
 127   3  -1 127  18 127  63  -1 127 127 127  18 127  -1  -1  -1  10 127
  -1 335 127  -1 127 127  -1 127 127  18 127 824 127 127  18 127 962 127
 127  18 127 127 127  18 127  -1  63  63   2 127 127   0  -1  -1  -1  10
  -1 127 127 127 127  10 127  -1 127 127]
predc: [[ 127    1    2   18   63  621    0]
 [ 127    2 1651   63   10    1 1309]
 [ 127    2 1309 1651    1 1325  647]
 [ 127 1309    2 1651    0    1 1237]
 [ 304  373   14   13   37 1358 1225]
 [ 216   39  336 1539 1459   18 1354]
 [ 127    2  241  621 1237  803    1]
 [  63  734  180    1  135   37    2]
 [1328  266 1545   37   14  900   79]
 [  10   63 1106 1089   38  734  729]
 [  63  734  180    2    1  220  135]
 [ 127    2    1  241  621 1237 1309]
 [  18   12  396  810 1354  336   64]
 [  18   39  576  336 1734  292 1025]
 [1401 1422  927   96   37 1123 1653]
 [ 127    1    2    0  241  621 1237]
 [ 127    2  621 1237    1 1309  241]
 [  63  135  734  180    1 1252    2]
 [ 127    2  241  621    1 1325 1237]
 [  17  531 1239  971   42 1354 1098]
 [  18   12  241    2  135   64  304]
 [  63  734  180    2    1  136  135]
 [ 127    2    1  136  647 1309 1325]
 [ 363  241 1204  715  304  220  133]
 [ 127 1309    2    1   63  198  237]
 [ 127    2    1  621  241 1237 1309]
 [  63  734    2  180    1  135   98]
 [  63  734  180    2  136    1  220]
 [ 401  149  143  543  409  174  325]
 [ 127    1   10    2  621  135  146]
 [ 127  621    1    2 1237  241  158]
 [  17 1098  531 1074  971  640  363]
 [  10   37  647  544 1125  220 1237]
 [ 127    1    2  146  135  621    0]
 [  17  531 1239    1 1390 1735 1098]
 [ 127    2  621    1 1237  241 1309]
 [ 127    2    1  621   10 1309  647]
 [   3   63 1150 1030  168 1025   98]
 [  14  304  900 1354 1245   37  403]
 [ 127    2  621  803 1309  241 1237]
 [  18   12  135  241    2  304   64]
 [ 127    2 1309  198    1 1651 1237]
 [  63  734  180  136    2    1  710]
 [  17  971  363 1098  531 1309  737]
 [ 127    2    1  241  621 1237  803]
 [ 127    2  241 1325  803 1309  734]
 [ 127    2 1237    1  241  621 1309]
 [  18   12  304   64 1354  334  770]
 [ 127    2  621  241    1 1237 1325]
 [  39 1487  216 1301  336 1354 1023]
 [ 403  304   14  376  900 1225   37]
 [ 942   37 1328  979   10   14 1425]
 [  10  734  419   38   95 1025   63]
 [ 127    1    2   10 1309  241  621]
 [  17  531  971 1735  416 1239 1098]
 [ 273   12  121 1076  801  303 1481]
 [ 127    2    1  241  621 1237 1309]
 [1413 1459   18  336 1734   39  216]
 [ 127  241    2    0    1 1325  621]
 [ 127    2    1   10 1309  621 1651]
 [ 216   18   39  336 1459 1354 1539]
 [ 127    2    1  621 1237 1309  241]
 [ 127    2  241  621    1 1325 1309]
 [  18   12  241  135    2   64  304]
 [ 127    2    1  135  621    0  241]
 [ 824  826  804  821  825 1123  861]
 [ 127    2    1 1309  158 1237  237]
 [ 127    2  621 1237 1309  241  803]
 [  18   12   39   64    2  426 1354]
 [ 127    1   10  135  511    2   12]
 [ 382  744   18 1327 1796   74   41]
 [ 127    1 1237  621    2 1309  647]
 [ 127    2    1  621 1237   10  241]
 [  18   12  241  135   64    2  304]
 [ 127    2  621    1  241 1237 1309]
 [ 127    2    1 1237  621  241  220]
 [ 127    2  241    1 1325 1309    0]
 [  18   12  426  135 1459   64    2]
 [ 127  621    1    2 1237  241 1309]
 [  39 1487 1301  216  336 1354 1023]
 [  63  734  180  136    2  135 1252]
 [  63  734  180   37  135   10    1]
 [   2 1309  237  127  135   38  146]
 [ 127    2  621  241    1 1237 1325]
 [ 127    1    2 1237  621  241  803]
 [   0  159  829   42 1309  135    4]
 [  17 1735 1239 1098  531 1390  934]
 [  39  216 1487 1301  336 1354 1023]
 [1682 1015  723  919  900 1664    3]
 [  10 1106   38  647  419 1089  734]
 [  39  336 1487  216 1301 1354 1539]
 [ 127    2    1  621  241   10 1325]
 [ 127  621    1    2 1237  241  158]
 [ 127    2  621  241 1325 1237    1]
 [ 127    1    2   10  135  621  146]
 [  10   40   38  544   63 1106  831]
 [ 127    1   10    2 1237  621  241]
 [  17  531 1098 1074  640  971  380]
 [ 127    2 1237  621 1309    1   10]
 [ 127    2  241  621    1    0 1237]]
label: [127  -1]
predc: [[ 127    2 1237  621  241    1 1309]
 [ 304  363    0  133  135   93 1204]]
